,A,B,C,D,E,Outlier
A,0.99999994,0.5863843,0.47842464,0.5774594,0.5058837,0.38099903
B,0.5863843,1.0,0.39769894,0.45779085,0.49569237,0.32898095
C,0.47842464,0.39769894,1.0000002,0.4258494,0.41515106,0.24628484
D,0.5774594,0.45779085,0.4258494,0.99999994,0.50864434,0.4479968
E,0.5058837,0.49569237,0.41515106,0.50864434,1.0000001,0.32514727
Outlier,0.38099903,0.32898095,0.24628484,0.4479968,0.32514727,0.9999998
